CG for instance: inst_100_10_1

Columns: 37289
Time for initial columns: 0.21695303916931152
Objective: 54087.0


Columns: 43984
Time: 17.256181001663208
Objective: 52513.85714285719


Columns: 45127
Time: 20.681657075881958
Objective: 52297.07352941173


