CG for instance: inst_10_1_1

Columns: 285
Time for initial columns: 0.2033369541168213
Objective: 882.0


Columns: 401
Time: 1.6962039470672607
Objective: 866.0


Columns: 419
Time: 1.7054169178009033
Objective: 866.0


Columns: 434
Time: 1.715242862701416
Objective: 866.0


