CG for instance: instance

Columns: 20
Time for initial columns: 0.8493709564208984
Objective: 525.0


Columns: 27
Time: 3.919904947280884
Objective: 484.0


