CG for instance: inst_10_1_1

Columns: 285
Time for initial columns: 0.21108508110046387
Objective: 882.0


Columns: 401
Time: 1.7718780040740967
Objective: 866.0


Columns: 419
Time: 1.781620979309082
Objective: 866.0


Columns: 434
Time: 1.794666051864624
Objective: 866.0


