CG for instance: inst_20_10_1

Columns: 718
Time for initial columns: 0.0005769729614257812
Objective: 3718.3333333333335




-------------------
Iteration: 1
Columns: 822
Time: 0.08943605422973633
Objective: 3410.5




-------------------
Iteration: 2
Columns: 829
Time: 0.10125207901000977
Objective: 3402.5


