CG for instance: inst_10_1_1

Columns: 285
Time for initial columns: 0.21818113327026367
Objective: 882.0


Columns: 401
Time: 1.7262639999389648
Objective: 866.0


Columns: 419
Time: 1.7364890575408936
Objective: 866.0


Columns: 434
Time: 1.7472620010375977
Objective: 866.0


