CG for instance: inst_10_1_1

Columns: 285
Time for initial columns: 0.22051620483398438
Objective: 882.0


Columns: 401
Time: 1.7338781356811523
Objective: 866.0


Columns: 419
Time: 1.7424700260162354
Objective: 866.0


Columns: 434
Time: 1.7536931037902832
Objective: 866.0


