CG for instance: inst_60_10_3

Columns: 2885
Time for initial columns: 0.0068700313568115234
Objective: 48188.0




-------------------
Iteration: 1
Columns: 4086
Time: 0.6224040985107422
Objective: 42660.49999999999




-------------------
Iteration: 2
Columns: 4150
Time: 0.820188045501709
Objective: 42639.666666666664




-------------------
Iteration: 3
Columns: 4611
Time: 0.9840362071990967
Objective: 42639.666666666664


