CG for instance: inst_40_10_1

Columns: 2993
Time for initial columns: 0.0017819404602050781
Objective: 13963.0




-------------------
Iteration: 1
Columns: 4401
Time: 0.41163086891174316
Objective: 12100.166666666664




-------------------
Iteration: 2
Columns: 4943
Time: 0.5040149688720703
Objective: 12018.942857142858




-------------------
Iteration: 3
Columns: 5013
Time: 0.5594909191131592
Objective: 11993.699999999999


