CG for instance: inst_100_30_4

Columns: 88473
Time for initial columns: 0.4084129333496094
Objective: 18791.0


Columns: 88545
Time: 22.171772003173828
Objective: 18790.999999999578


Columns: 88904
Time: 24.07946491241455
Objective: 18791.000000000004


Columns: 89332
Time: 26.31834101676941
Objective: 18785.53448275862


