CG for instance: inst_10_1_1

Columns: 167
Time for initial columns: 0.21985983848571777
Objective: 1877.0


Columns: 171
Time: 2.151479959487915
Objective: 1606.0


