CG for instance: inst_100_30_4

Columns: 88473
Time for initial columns: 0.2761058807373047
Objective: 18791.0


Columns: 135846
Time: 148.11086297035217
Objective: 18742.375


Columns: 163982
Time: 246.2356469631195
Objective: 18710.129853058534


