CG for instance: inst_200_50_4

Columns: 568505
Time for initial columns: 1.3955938816070557
Objective: 59237.147058823764


Columns: 628901
Time: 724.0841951370239
Objective: 59233.63358778705


