CG for instance: inst_10_1_1

Columns: 167
Time for initial columns: 0.6280150413513184
Objective: 1877.0


Columns: 171
Time: 19.585954904556274
Objective: 1606.0


