CG for instance: TEST

Columns: 20
Time for initial columns: 0.20714497566223145
Objective: 525.0


Columns: 27
Time: 1.7783050537109375
Objective: 484.0


