CG for instance: TEST

Columns: 20
Time for initial columns: 0.27959489822387695
Objective: 525.0


Columns: 30
Time: 1.67899489402771
Objective: 484.0


