CG for instance: TEST

Columns: 23
Time for initial columns: 0.18583297729492188
Objective: 498.0




-------------------
Iteration: 1
Columns: 30
Time: 1.4113118648529053
Objective: 484.0


