CG for instance: TEST

Columns: 20
Time for initial columns: 0.22493910789489746
Objective: 525.0


Columns: 32
Time: 1.682589054107666
Objective: 484.0


