CG for instance: TEST

Columns: 20
Time for initial columns: 0.24100494384765625
Objective: 525.0


Columns: 32
Time: 1.6633341312408447
Objective: 484.0


