CG for instance: TEST

Columns: 20
Time for initial columns: 0.29390692710876465
Objective: 525.0


Columns: 27
Time: 1.7029001712799072
Objective: 484.0


