CG for instance: TEST

Columns: 20
Time for initial columns: 0.21186113357543945
Objective: 525.0


Columns: 27
Time: 1.6415870189666748
Objective: 484.0


