CG for instance: TEST

Columns: 20
Time for initial columns: 0.2016298770904541
Objective: 525.0


Columns: 32
Time: 1.381500005722046
Objective: 484.0


