CG for instance: TEST

Columns: 20
Time for initial columns: 0.22642993927001953
Objective: 525.0


Columns: 27
Time: 1.5595629215240479
Objective: 484.0


