CG for instance: TEST

Columns: 24
Time for initial columns: 0.24318599700927734
Objective: 498.0


Columns: 31
Time: 1.4873149394989014
Objective: 484.0


