CG for instance: TEST

Columns: 20
Time for initial columns: 0.18981504440307617
Objective: 525.0


Columns: 27
Time: 1.5298080444335938
Objective: 484.0


