CG for instance: TEST

Columns: 20
Time for initial columns: 0.21358990669250488
Objective: 525.0


Columns: 27
Time: 1.6349761486053467
Objective: 484.0


