CG for instance: TEST

Columns: 20
Time for initial columns: 0.21199798583984375
Objective: 525.0


Columns: 27
Time: 1.572171926498413
Objective: 484.0


