CG for instance: TEST

Columns: 20
Time for initial columns: 0.24146080017089844
Objective: 525.0


Columns: 27
Time: 1.6798551082611084
Objective: 484.0


