CG for instance: TEST

Columns: 20
Time for initial columns: 0.18677592277526855
Objective: 525.0


Columns: 27
Time: 1.7028651237487793
Objective: 484.0


