CG for instance: TEST

Columns: 20
Time for initial columns: 0.2185530662536621
Objective: 525.0


Columns: 27
Time: 1.4990208148956299
Objective: 484.0


