CG for instance: TEST

Columns: 20
Time for initial columns: 0.21243596076965332
Objective: 525.0


Columns: 27
Time: 1.4945869445800781
Objective: 484.0


