CG for instance: TEST

Columns: 20
Time for initial columns: 0.24611401557922363
Objective: 525.0


Columns: 27
Time: 1.7193329334259033
Objective: 484.0


