CG for instance: TEST

Columns: 20
Time for initial columns: 0.24783086776733398
Objective: 525.0


Columns: 27
Time: 1.7401518821716309
Objective: 484.0


