CG for instance: TEST

Columns: 20
Time for initial columns: 2.3645429611206055
Objective: 525.0


Columns: 27
Time: 17.1908278465271
Objective: 484.0


