CG for instance: TEST

Columns: 20
Time for initial columns: 0.21766400337219238
Objective: 525.0


Columns: 27
Time: 1.6078250408172607
Objective: 484.0


