CG for instance: TEST

Columns: 20
Time for initial columns: 2.2233970165252686
Objective: 525.0


Columns: 27
Time: 11.389554023742676
Objective: 484.0


