CG for instance: TEST

Columns: 20
Time for initial columns: 0.22084903717041016
Objective: 525.0


Columns: 27
Time: 1.487962007522583
Objective: 484.0


