CG for instance: TEST

Columns: 20
Time for initial columns: 0.21512293815612793
Objective: 525.0


Columns: 32
Time: 1.584817886352539
Objective: 484.0


