CG for instance: TEST

Columns: 24
Time for initial columns: 0.3653991222381592
Objective: 498.0


Columns: 31
Time: 1.6191599369049072
Objective: 484.0


