CG for instance: TEST

Columns: 20
Time for initial columns: 0.19940590858459473
Objective: 525.0


Columns: 27
Time: 1.4358348846435547
Objective: 484.0


