CG for instance: TEST

Columns: 20
Time for initial columns: 0.2298448085784912
Objective: 525.0


Columns: 32
Time: 1.6597490310668945
Objective: 484.0


