CG for instance: TEST

Columns: 20
Time for initial columns: 0.2105259895324707
Objective: 525.0


Columns: 32
Time: 1.7259600162506104
Objective: 484.0


