CG for instance: TEST

Columns: 20
Time for initial columns: 0.2684178352355957
Objective: 525.0


Columns: 27
Time: 1.5948371887207031
Objective: 484.0


