CG for instance: TEST

Columns: 20
Time for initial columns: 0.22851991653442383
Objective: 525.0


Columns: 27
Time: 1.6145169734954834
Objective: 484.0


