CG for instance: TEST

Columns: 20
Time for initial columns: 0.23239612579345703
Objective: 525.0


Columns: 27
Time: 1.5526020526885986
Objective: 484.0


