CG for instance: TEST

Columns: 20
Time for initial columns: 0.19418597221374512
Objective: 525.0


Columns: 27
Time: 1.5636711120605469
Objective: 484.0


