CG for instance: TEST

Columns: 20
Time for initial columns: 0.22487306594848633
Objective: 525.0


Columns: 27
Time: 1.5309009552001953
Objective: 484.0


