CG for instance: TEST

Columns: 24
Time for initial columns: 0.25103187561035156
Objective: 498.0


Columns: 31
Time: 2.7438268661499023
Objective: 484.0


