CG for instance: TEST

Columns: 20
Time for initial columns: 0.22426486015319824
Objective: 525.0


Columns: 27
Time: 1.5459580421447754
Objective: 484.0


