CG for instance: TEST

Columns: 20
Time for initial columns: 0.21047496795654297
Objective: 525.0


Columns: 27
Time: 1.576974868774414
Objective: 484.0


