CG for instance: TEST

Columns: 20
Time for initial columns: 0.19159293174743652
Objective: 525.0


Columns: 27
Time: 1.4681930541992188
Objective: 484.0


