CG for instance: TEST

Columns: 20
Time for initial columns: 0.21558690071105957
Objective: 525.0


Columns: 27
Time: 1.5418968200683594
Objective: 484.0


