CG for instance: TEST

Columns: 20
Time for initial columns: 0.3439610004425049
Objective: 525.0


Columns: 27
Time: 1.6905171871185303
Objective: 484.0


