CG for instance: TEST

Columns: 20
Time for initial columns: 0.34387707710266113
Objective: 525.0


Columns: 27
Time: 1.6880221366882324
Objective: 484.0


