CG for instance: TEST

Columns: 20
Time for initial columns: 0.2670021057128906
Objective: 525.0


Columns: 27
Time: 1.7182440757751465
Objective: 484.0


