CG for instance: TEST

Columns: 20
Time for initial columns: 0.20526409149169922
Objective: 525.0


Columns: 27
Time: 1.4417228698730469
Objective: 484.0


