CG for instance: TEST

Columns: 20
Time for initial columns: 0.20947885513305664
Objective: 525.0


Columns: 27
Time: 1.4672179222106934
Objective: 484.0


