CG for instance: TEST

Columns: 20
Time for initial columns: 0.24484014511108398
Objective: 525.0


Columns: 27
Time: 1.6457359790802002
Objective: 484.0


