CG for instance: TEST

Columns: 20
Time for initial columns: 0.21427297592163086
Objective: 525.0


Columns: 27
Time: 1.488236904144287
Objective: 484.0


