CG for instance: TEST

Columns: 20
Time for initial columns: 0.3237471580505371
Objective: 525.0


Columns: 27
Time: 1.7380890846252441
Objective: 484.0


