CG for instance: TEST

Columns: 30
Time for initial columns: 0.18725204467773438
Objective: 440.0


Columns: 32
Time: 1.5052919387817383
Objective: 430.0


