CG for instance: TEST

Columns: 20
Time for initial columns: 0.26520776748657227
Objective: 525.0


Columns: 27
Time: 1.6742031574249268
Objective: 484.0


