CG for instance: TEST

Columns: 20
Time for initial columns: 0.21597814559936523
Objective: 525.0


Columns: 27
Time: 1.665330171585083
Objective: 484.0


