CG for instance: TEST

Columns: 20
Time for initial columns: 0.216749906539917
Objective: 525.0


Columns: 27
Time: 1.5529589653015137
Objective: 484.0


