CG for instance: TEST

Columns: 20
Time for initial columns: 0.23123598098754883
Objective: 525.0


Columns: 27
Time: 1.5934979915618896
Objective: 484.0


